ORIGINAL - LENA
180.15283203125
99.04224395751953
105.451904296875
2428.883983373642
2747.87847973028
1171.8577331900597
49.28370910730687
52.42021060364294
34.23240764524254
0.2735661080185402
0.5292712332540308
0.3246257891073191
-0.6877507764368886
0.21886359585577386
0.6242268494589499
-0.7882724061849835
-0.7449803936688366
-0.17445800427671854
0.00751548761036247
0.00567636513733305
0.00888114731060341
7.2715484831307355
7.58600505853604
7.010499743627536
ORIGINAL - MANDRIL
137.40099334716797
128.8141212463379
113.19109344482422
3135.740411305742
2164.0656802595895
3670.3046240424137
55.997682195835054
46.519519346824616
60.58303907895686
0.4075493257486646
0.36113679848704583
0.5352279692261165
0.20256232624788767
-0.07295138546111579
0.5162424838032682
-0.7086118915226245
-0.99947111920146
-0.6440885813343238
0.004988046799553558
0.006076459074392915
0.005018706229748204
7.752678246689318
7.462349469431329
7.773237757856703
IMPROVED - LENA
110.96794891357422
110.72969055175781
111.15432739257812
4724.997370555005
4675.600753297797
4650.321184276603
68.73861629793696
68.37836465796617
68.19326348164167
0.619445677521471
0.6175251128874457
0.6135007523440332
-0.07620559017876406
-0.08130386074093039
-0.08799078935444718
-1.02778317302034
-1.0210562642355427
-1.01458625937013
0.016860157600603998
0.015634074195986614
0.018304591620108113
6.773635510764705
7.097538528719072
6.571101197438377
IMPROVED - MANDRIL
110.7388687133789
110.88347244262695
110.72905349731445
4679.573999477027
4683.666349154298
4662.074052744881
68.40741187530067
68.43731693421577
68.27938234009503
0.6177362354347046
0.6172003403809926
0.6166347510750738
-0.07543574282453004
-0.0778819464424185
-0.07955210453806502
-1.0073268786993734
-1.017509224235531
-1.011961950502897
0.015755427564727142
0.016654493287205696
0.015452574414666742
7.1170180054630565
6.890297607239509
7.097477224909585